    year age M-0 M-2 M-16 M16+ F-0 F-2 F-16 F16+
 1: 2011   5  39   0    0    0  36   0    0    0
 2: 2011  10  26   0    0    0  24   0    0    0
 3: 2011  20  47   0    0    0  30   0    0    0
 4: 2011  30  29   0    0    0  37   0    0    0
 5: 2011  40  24   0    0    0  19   0    0    0
 6: 2011  50  21   0    0    0  17   0    0    0
 7: 2011  99  21   0    0    0  26   0    0    0
 8: 2012   5  40   0    0    0  33   0    0    0
 9: 2012  10  27   0    0    0  27   0    0    0
10: 2012  20  51   0    0    0  30   0    0    0
11: 2012  30  26   0    0    0  32   0    0    0
12: 2012  40  28   0    0    0  24   0    0    0
13: 2012  50  20   0    0    0  17   0    0    0
14: 2012  99  23   0    0    0  25   0    0    0
15: 2013   5  33   0    0    0  34   0    0    0
16: 2013  10  28   0    0    0  28   0    0    0
17: 2013  20  48   0    0    0  36   0    0    0
18: 2013  30  28   0    0    0  30   0    0    0
19: 2013  40  21   0    0    0  17   0    0    0
20: 2013  50  18   0    0    0  17   0    0    0
21: 2013  99  23   0    0    0  26   0    0    0
22: 2014   5  30   0    0    0  29   0    0    0
23: 2014  10  26   0    0    0  29   0    0    0
24: 2014  20  52   0    0    0  39   0    0    0
25: 2014  30  28   0    0    0  23   0    0    0
26: 2014  40  23   0    0    0  24   0    0    0
27: 2014  50  15   0    0    0  16   0    0    0
28: 2014  99  27   0    0    0  26   0    0    0
    year age M-0 M-2 M-16 M16+ F-0 F-2 F-16 F16+
$mbr
[1] 229.6766

$exposure.p1
[1] 0.4214467

[1] 292858
    year age M-0 M-2 M-16 M16+ F-0 F-2 F-16 F16+
 1: 2011   5  29   0    0    0  25   0    0    0
 2: 2011  10  27   0    0    0  24   0    0    0
 3: 2011  20  45   0    0    0  41   0    0    0
 4: 2011  30  31   0    0    0  35   0    0    0
 5: 2011  40  22   0    0    0  23   0    0    0
 6: 2011  50  24   0    0    0  14   0    0    0
 7: 2011  99  24   0    0    0  25   0    0    0
 8: 2012   5  35   0    0    0  28   0    0    0
 9: 2012  10  23   0    0    0  19   0    0    0
10: 2012  20  49   0    0    0  39   0    0    0
11: 2012  30  26   0    0    0  36   0    0    0
12: 2012  40  24   0    0    0  26   0    0    0
13: 2012  50  26   0    0    0  15   0    0    0
14: 2012  99  25   0    0    0  26   0    0    0
15: 2013   5  37   0    0    0  30   0    0    0
16: 2013  10  22   0    0    0  20   0    0    0
17: 2013  20  53   0    0    0  41   0    0    0
18: 2013  30  27   0    0    0  34   0    0    0
19: 2013  40  24   0    0    0  29   0    0    0
20: 2013  50  20   0    0    0  15   0    0    0
21: 2013  99  30   0    0    0  26   0    0    0
22: 2014   5  37   0    0    0  25   0    0    0
23: 2014  10  24   0    0    0  22   0    0    0
24: 2014  20  51   0    0    0  41   0    0    0
25: 2014  30  32   0    0    0  32   0    0    0
26: 2014  40  21   0    0    0  28   0    0    0
27: 2014  50  21   0    0    0  15   0    0    0
28: 2014  99  28   0    0    0  27   0    0    0
    year age M-0 M-2 M-16 M16+ F-0 F-2 F-16 F16+
$mbr
[1] 158.4691

$exposure.p1
[1] 0.4941203

[1] 454617
    year age M-0 M-2 M-16 M16+ F-0 F-2 F-16 F16+
 1: 2011   5  35   0    0    0  37   0    0    0
 2: 2011  10  27   0    0    0  30   0    0    0
 3: 2011  20  54   0    0    0  39   0    0    0
 4: 2011  30  31   0    0    0  36   0    0    0
 5: 2011  40  26   0    0    0  24   0    0    0
 6: 2011  50  11   0    0    0  11   0    0    0
 7: 2011  99  23   0    0    0  13   0    0    0
 8: 2012   5  34   0    0    0  33   0    0    0
 9: 2012  10  25   0    0    0  31   0    0    0
10: 2012  20  58   0    0    0  43   0    0    0
11: 2012  30  31   0    0    0  37   0    0    0
12: 2012  40  27   0    0    0  22   0    0    0
13: 2012  50  12   0    0    0  12   0    0    0
14: 2012  99  22   0    0    0  13   0    0    0
15: 2013   5  33   0    0    0  33   0    0    0
16: 2013  10  30   0    0    0  30   0    0    0
17: 2013  20  55   0    0    0  40   0    0    0
18: 2013  30  34   0    0    0  41   0    0    0
19: 2013  40  25   0    0    0  24   0    0    0
20: 2013  50  14   0    0    0  10   0    0    0
21: 2013  99  23   0    0    0  15   0    0    0
22: 2014   5  32   0    0    0  22   0    0    0
23: 2014  10  27   0    0    0  33   0    0    0
24: 2014  20  57   0    0    0  42   0    0    0
25: 2014  30  33   0    0    0  33   0    0    0
26: 2014  40  21   0    0    0  24   0    0    0
27: 2014  50  16   0    0    0  10   0    0    0
28: 2014  99  22   0    0    0  16   0    0    0
    year age M-0 M-2 M-16 M16+ F-0 F-2 F-16 F16+
$mbr
[1] 105.8073

$exposure.p1
[1] 0.5852411

[1] 104243
    year age M-0 M-2 M-16 M16+ F-0 F-2 F-16 F16+
 1: 2011   5  34   0    0    0  27   0    0    0
 2: 2011  10  28   0    0    0  24   0    0    0
 3: 2011  20  50   0    0    0  40   0    0    0
 4: 2011  30  32   0    0    0  31   0    0    0
 5: 2011  40  30   0    0    0  16   0    0    0
 6: 2011  50  17   0    0    0  22   0    0    0
 7: 2011  99  24   0    0    0  25   0    0    0
 8: 2012   5  33   0    0    0  25   0    0    0
 9: 2012  10  30   0    0    0  24   0    0    0
10: 2012  20  50   0    0    0  41   0    0    0
11: 2012  30  35   0    0    0  32   0    0    0
12: 2012  40  29   0    0    0  17   0    0    0
13: 2012  50  17   0    0    0  21   0    0    0
14: 2012  99  24   0    0    0  26   0    0    0
15: 2013   5  30   0    0    0  21   0    0    0
16: 2013  10  29   0    0    0  27   0    0    0
17: 2013  20  44   0    0    0  41   0    0    0
18: 2013  30  37   0    0    0  32   0    0    0
19: 2013  40  25   0    0    0  16   0    0    0
20: 2013  50  17   0    0    0  19   0    0    0
21: 2013  99  25   0    0    0  26   0    0    0
22: 2014   5  26   0    0    0  26   0    0    0
23: 2014  10  31   0    0    0  26   0    0    0
24: 2014  20  43   0    0    0  42   0    0    0
25: 2014  30  33   0    0    0  32   0    0    0
26: 2014  40  28   0    0    0  15   0    0    0
27: 2014  50  19   0    0    0  19   0    0    0
28: 2014  99  24   0    0    0  25   0    0    0
    year age M-0 M-2 M-16 M16+ F-0 F-2 F-16 F16+
$mbr
[1] 96.46726

$exposure.p1
[1] 0.4483516

[1] 626407
    year age M-0 M-2 M-16 M16+ F-0 F-2 F-16 F16+
 1: 2011   5  28   0    0    0  38   0    0    0
 2: 2011  10  28   0    0    0  43   0    0    0
 3: 2011  20  47   0    0    0  41   0    0    0
 4: 2011  30  29   0    0    0  28   0    0    0
 5: 2011  40  23   0    0    0  19   0    0    0
 6: 2011  50  21   0    0    0  22   0    0    0
 7: 2011  99  18   0    0    0  21   0    0    0
 8: 2012   5  22   0    0    0  38   0    0    0
 9: 2012  10  26   0    0    0  35   0    0    0
10: 2012  20  47   0    0    0  46   0    0    0
11: 2012  30  30   0    0    0  28   0    0    0
12: 2012  40  22   0    0    0  18   0    0    0
13: 2012  50  21   0    0    0  14   0    0    0
14: 2012  99  18   0    0    0  23   0    0    0
15: 2013   5  27   0    0    0  39   0    0    0
16: 2013  10  26   0    0    0  33   0    0    0
17: 2013  20  48   0    0    0  52   0    0    0
18: 2013  30  32   0    0    0  27   0    0    0
19: 2013  40  23   0    0    0  18   0    0    0
20: 2013  50  22   0    0    0  14   0    0    0
21: 2013  99  17   0    0    0  23   0    0    0
22: 2014   5  27   0    0    0  35   0    0    0
23: 2014  10  20   0    0    0  28   0    0    0
24: 2014  20  49   0    0    0  52   0    0    0
25: 2014  30  31   0    0    0  27   0    0    0
26: 2014  40  21   0    0    0  18   0    0    0
27: 2014  50  21   0    0    0  15   0    0    0
28: 2014  99  20   0    0    0  21   0    0    0
    year age M-0 M-2 M-16 M16+ F-0 F-2 F-16 F16+
$mbr
[1] 537.7169

$exposure.p1
[1] 0.3754182

[1] 201279
    year age M-0 M-2 M-16 M16+ F-0 F-2 F-16 F16+
 1: 2011   5  41   0    0    0  27   0    0    0
 2: 2011  10  29   0    0    0  23   0    0    0
 3: 2011  20  52   0    0    0  45   0    0    0
 4: 2011  30  30   0    0    0  30   0    0    0
 5: 2011  40  23   0    0    0  16   0    0    0
 6: 2011  50  15   0    0    0  22   0    0    0
 7: 2011  99  22   0    0    0  16   0    0    0
 8: 2012   5  37   0    0    0  30   0    0    0
 9: 2012  10  30   0    0    0  21   0    0    0
10: 2012  20  52   0    0    0  47   0    0    0
11: 2012  30  35   0    0    0  31   0    0    0
12: 2012  40  20   0    0    0  19   0    0    0
13: 2012  50  14   0    0    0  18   0    0    0
14: 2012  99  23   0    0    0  18   0    0    0
15: 2013   5  38   0    0    0  35   0    0    0
16: 2013  10  32   0    0    0  23   0    0    0
17: 2013  20  55   0    0    0  47   0    0    0
18: 2013  30  36   0    0    0  32   0    0    0
19: 2013  40  22   0    0    0  19   0    0    0
20: 2013  50  12   0    0    0  20   0    0    0
21: 2013  99  23   0    0    0  18   0    0    0
22: 2014   5  39   0    0    0  30   0    0    0
23: 2014  10  33   0    0    0  27   0    0    0
24: 2014  20  55   0    0    0  40   0    0    0
25: 2014  30  37   0    0    0  34   0    0    0
26: 2014  40  20   0    0    0  20   0    0    0
27: 2014  50  14   0    0    0  14   0    0    0
28: 2014  99  21   0    0    0  18   0    0    0
    year age M-0 M-2 M-16 M16+ F-0 F-2 F-16 F16+
$mbr
[1] 271.8083

$exposure.p1
[1] 0.4592009

[1] 652137
    year age M-0 M-2 M-16 M16+ F-0 F-2 F-16 F16+
 1: 2011   5  25   0    0    0  37   0    0    0
 2: 2011  10  23   0    0    0  28   0    0    0
 3: 2011  20  34   0    0    0  39   0    0    0
 4: 2011  30  40   0    0    0  33   0    0    0
 5: 2011  40  35   0    0    0  17   0    0    0
 6: 2011  50  18   0    0    0   7   0    0    0
 7: 2011  99  29   0    0    0  26   0    0    0
 8: 2012   5  19   0    0    0  35   0    0    0
 9: 2012  10  28   0    0    0  29   0    0    0
10: 2012  20  34   0    0    0  44   0    0    0
11: 2012  30  40   0    0    0  31   0    0    0
12: 2012  40  33   0    0    0  19   0    0    0
13: 2012  50  21   0    0    0   9   0    0    0
14: 2012  99  27   0    0    0  24   0    0    0
15: 2013   5  20   0    0    0  35   0    0    0
16: 2013  10  29   0    0    0  31   0    0    0
17: 2013  20  33   0    0    0  43   0    0    0
18: 2013  30  39   0    0    0  34   0    0    0
19: 2013  40  35   0    0    0  17   0    0    0
20: 2013  50  22   0    0    0  11   0    0    0
21: 2013  99  28   0    0    0  24   0    0    0
22: 2014   5  24   0    0    0  34   0    0    0
23: 2014  10  27   0    0    0  28   0    0    0
24: 2014  20  33   0    0    0  44   0    0    0
25: 2014  30  34   0    0    0  30   0    0    0
26: 2014  40  32   0    0    0  20   0    0    0
27: 2014  50  24   0    0    0  10   0    0    0
28: 2014  99  31   0    0    0  22   0    0    0
    year age M-0 M-2 M-16 M16+ F-0 F-2 F-16 F16+
$mbr
[1] 240.3677

$exposure.p1
[1] 0.4354158

[1] 322116
    year age M-0 M-2 M-16 M16+ F-0 F-2 F-16 F16+
 1: 2011   5  32   0    0    0  28   0    0    0
 2: 2011  10  23   0    0    0  22   0    0    0
 3: 2011  20  42   0    0    0  44   0    0    0
 4: 2011  30  35   0    0    0  29   0    0    0
 5: 2011  40  22   0    0    0  16   0    0    0
 6: 2011  50  26   0    0    0  16   0    0    0
 7: 2011  99  33   0    0    0  28   0    0    0
 8: 2012   5  32   0    0    0  31   0    0    0
 9: 2012  10  20   0    0    0  21   0    0    0
10: 2012  20  44   0    0    0  44   0    0    0
11: 2012  30  37   0    0    0  29   0    0    0
12: 2012  40  23   0    0    0  20   0    0    0
13: 2012  50  22   0    0    0  17   0    0    0
14: 2012  99  36   0    0    0  27   0    0    0
15: 2013   5  28   0    0    0  26   0    0    0
16: 2013  10  26   0    0    0  19   0    0    0
17: 2013  20  39   0    0    0  47   0    0    0
18: 2013  30  33   0    0    0  25   0    0    0
19: 2013  40  21   0    0    0  21   0    0    0
20: 2013  50  25   0    0    0  15   0    0    0
21: 2013  99  35   0    0    0  28   0    0    0
22: 2014   5  24   0    0    0  31   0    0    0
23: 2014  10  23   0    0    0  21   0    0    0
24: 2014  20  44   0    0    0  47   0    0    0
25: 2014  30  35   0    0    0  25   0    0    0
26: 2014  40  21   0    0    0  22   0    0    0
27: 2014  50  25   0    0    0  15   0    0    0
28: 2014  99  34   0    0    0  29   0    0    0
    year age M-0 M-2 M-16 M16+ F-0 F-2 F-16 F16+
$mbr
[1] 190.41

$exposure.p1
[1] 0.3081691

[1] 760969
    year age M-0 M-2 M-16 M16+ F-0 F-2 F-16 F16+
 1: 2011   5  31   0    0    0  26   0    0    0
 2: 2011  10  31   0    0    0  27   0    0    0
 3: 2011  20  47   0    0    0  32   0    0    0
 4: 2011  30  31   0    0    0  37   0    0    0
 5: 2011  40  25   0    0    0  15   0    0    0
 6: 2011  50  15   0    0    0  14   0    0    0
 7: 2011  99  35   0    0    0  22   0    0    0
 8: 2012   5  35   0    0    0  30   0    0    0
 9: 2012  10  28   0    0    0  27   0    0    0
10: 2012  20  47   0    0    0  37   0    0    0
11: 2012  30  34   0    0    0  37   0    0    0
12: 2012  40  24   0    0    0  17   0    0    0
13: 2012  50  17   0    0    0  13   0    0    0
14: 2012  99  34   0    0    0  21   0    0    0
15: 2013   5  32   0    0    0  43   0    0    0
16: 2013  10  29   0    0    0  22   0    0    0
17: 2013  20  42   0    0    0  39   0    0    0
18: 2013  30  36   0    0    0  32   0    0    0
19: 2013  40  20   0    0    0  20   0    0    0
20: 2013  50  19   0    0    0  12   0    0    0
21: 2013  99  28   0    0    0  21   0    0    0
22: 2014   5  30   0    0    0  40   0    0    0
23: 2014  10  29   0    0    0  17   0    0    0
24: 2014  20  43   0    0    0  44   0    0    0
25: 2014  30  38   0    0    0  31   0    0    0
26: 2014  40  19   0    0    0  20   0    0    0
27: 2014  50  19   0    0    0  12   0    0    0
28: 2014  99  31   0    0    0  20   0    0    0
    year age M-0 M-2 M-16 M16+ F-0 F-2 F-16 F16+
$mbr
[1] 310.7434

$exposure.p1
[1] 0.3992062

[1] 498245
    year age M-0 M-2 M-16 M16+ F-0 F-2 F-16 F16+
 1: 2011   5  26   0    0    0  33   0    0    0
 2: 2011  10  32   0    0    0  34   0    0    0
 3: 2011  20  41   0    0    0  33   0    0    0
 4: 2011  30  38   0    0    0  31   0    0    0
 5: 2011  40  25   0    0    0  21   0    0    0
 6: 2011  50  13   0    0    0  15   0    0    0
 7: 2011  99  21   0    0    0  27   0    0    0
 8: 2012   5  25   0    0    0  21   0    0    0
 9: 2012  10  33   0    0    0  40   0    0    0
10: 2012  20  45   0    0    0  37   0    0    0
11: 2012  30  39   0    0    0  28   0    0    0
12: 2012  40  25   0    0    0  26   0    0    0
13: 2012  50  14   0    0    0  14   0    0    0
14: 2012  99  22   0    0    0  27   0    0    0
15: 2013   5  28   0    0    0  23   0    0    0
16: 2013  10  33   0    0    0  35   0    0    0
17: 2013  20  49   0    0    0  44   0    0    0
18: 2013  30  37   0    0    0  27   0    0    0
19: 2013  40  28   0    0    0  26   0    0    0
20: 2013  50  13   0    0    0  15   0    0    0
21: 2013  99  23   0    0    0  28   0    0    0
22: 2014   5  31   0    0    0  27   0    0    0
23: 2014  10  27   0    0    0  33   0    0    0
24: 2014  20  52   0    0    0  47   0    0    0
25: 2014  30  34   0    0    0  24   0    0    0
26: 2014  40  31   0    0    0  25   0    0    0
27: 2014  50  15   0    0    0  15   0    0    0
28: 2014  99  21   0    0    0  29   0    0    0
    year age M-0 M-2 M-16 M16+ F-0 F-2 F-16 F16+
$mbr
[1] 358.3156

$exposure.p1
[1] 0.412292

[1] 604888
    year age M-0 M-2 M-16 M16+ F-0 F-2 F-16 F16+
 1: 2011   5  40   0    0    0  33   0    0    0
 2: 2011  10  36   0    0    0  26   0    0    0
 3: 2011  20  45   0    0    0  40   0    0    0
 4: 2011  30  27   0    0    0  30   0    0    0
 5: 2011  40  24   0    0    0  25   0    0    0
 6: 2011  50  18   0    0    0  12   0    0    0
 7: 2011  99  22   0    0    0  22   0    0    0
 8: 2012   5  39   0    0    0  36   0    0    0
 9: 2012  10  35   0    0    0  26   0    0    0
10: 2012  20  46   0    0    0  40   0    0    0
11: 2012  30  30   0    0    0  29   0    0    0
12: 2012  40  22   0    0    0  25   0    0    0
13: 2012  50  20   0    0    0  14   0    0    0
14: 2012  99  23   0    0    0  23   0    0    0
15: 2013   5  33   0    0    0  32   0    0    0
16: 2013  10  29   0    0    0  24   0    0    0
17: 2013  20  54   0    0    0  41   0    0    0
18: 2013  30  28   0    0    0  27   0    0    0
19: 2013  40  21   0    0    0  28   0    0    0
20: 2013  50  18   0    0    0  13   0    0    0
21: 2013  99  25   0    0    0  20   0    0    0
22: 2014   5  26   0    0    0  32   0    0    0
23: 2014  10  27   0    0    0  30   0    0    0
24: 2014  20  57   0    0    0  40   0    0    0
25: 2014  30  28   0    0    0  29   0    0    0
26: 2014  40  22   0    0    0  25   0    0    0
27: 2014  50  17   0    0    0  16   0    0    0
28: 2014  99  28   0    0    0  21   0    0    0
    year age M-0 M-2 M-16 M16+ F-0 F-2 F-16 F16+
$mbr
[1] 257.411

$exposure.p1
[1] 0.5610432

[1] 846889
    year age M-0 M-2 M-16 M16+ F-0 F-2 F-16 F16+
 1: 2011   5  34   0    0    0  35   0    0    0
 2: 2011  10  37   0    0    0  23   0    0    0
 3: 2011  20  37   0    0    0  45   0    0    0
 4: 2011  30  39   0    0    0  33   0    0    0
 5: 2011  40  18   0    0    0  24   0    0    0
 6: 2011  50  12   0    0    0  21   0    0    0
 7: 2011  99  17   0    0    0  18   0    0    0
 8: 2012   5  33   0    0    0  31   0    0    0
 9: 2012  10  32   0    0    0  26   0    0    0
10: 2012  20  45   0    0    0  45   0    0    0
11: 2012  30  38   0    0    0  32   0    0    0
12: 2012  40  20   0    0    0  25   0    0    0
13: 2012  50  13   0    0    0  20   0    0    0
14: 2012  99  18   0    0    0  19   0    0    0
15: 2013   5  32   0    0    0  34   0    0    0
16: 2013  10  35   0    0    0  26   0    0    0
17: 2013  20  45   0    0    0  45   0    0    0
18: 2013  30  36   0    0    0  35   0    0    0
19: 2013  40  22   0    0    0  22   0    0    0
20: 2013  50  12   0    0    0  19   0    0    0
21: 2013  99  19   0    0    0  21   0    0    0
22: 2014   5  28   0    0    0  33   0    0    0
23: 2014  10  34   0    0    0  26   0    0    0
24: 2014  20  48   0    0    0  44   0    0    0
25: 2014  30  36   0    0    0  39   0    0    0
26: 2014  40  16   0    0    0  21   0    0    0
27: 2014  50  14   0    0    0  18   0    0    0
28: 2014  99  18   0    0    0  21   0    0    0
    year age M-0 M-2 M-16 M16+ F-0 F-2 F-16 F16+
$mbr
[1] 154.1886

$exposure.p1
[1] 0.4561445

[1] 983405
    year age M-0 M-2 M-16 M16+ F-0 F-2 F-16 F16+
 1: 2011   5  40   0    0    0  25   0    0    0
 2: 2011  10  26   0    0    0  27   0    0    0
 3: 2011  20  49   0    0    0  33   0    0    0
 4: 2011  30  35   0    0    0  30   0    0    0
 5: 2011  40  24   0    0    0  20   0    0    0
 6: 2011  50  15   0    0    0  17   0    0    0
 7: 2011  99  30   0    0    0  19   0    0    0
 8: 2012   5  31   0    0    0  27   0    0    0
 9: 2012  10  32   0    0    0  25   0    0    0
10: 2012  20  51   0    0    0  36   0    0    0
11: 2012  30  38   0    0    0  29   0    0    0
12: 2012  40  21   0    0    0  22   0    0    0
13: 2012  50  16   0    0    0  16   0    0    0
14: 2012  99  30   0    0    0  20   0    0    0
15: 2013   5  25   0    0    0  25   0    0    0
16: 2013  10  36   0    0    0  25   0    0    0
17: 2013  20  51   0    0    0  37   0    0    0
18: 2013  30  40   0    0    0  31   0    0    0
19: 2013  40  20   0    0    0  21   0    0    0
20: 2013  50  17   0    0    0  16   0    0    0
21: 2013  99  31   0    0    0  22   0    0    0
22: 2014   5  27   0    0    0  28   0    0    0
23: 2014  10  37   0    0    0  25   0    0    0
24: 2014  20  50   0    0    0  37   0    0    0
25: 2014  30  42   0    0    0  33   0    0    0
26: 2014  40  22   0    0    0  19   0    0    0
27: 2014  50  15   0    0    0  16   0    0    0
28: 2014  99  33   0    0    0  22   0    0    0
    year age M-0 M-2 M-16 M16+ F-0 F-2 F-16 F16+
$mbr
[1] 82.43858

$exposure.p1
[1] 0.4415636

[1] 860089
    year age M-0 M-2 M-16 M16+ F-0 F-2 F-16 F16+
 1: 2011   5  33   0    0    0  32   0    0    0
 2: 2011  10  23   0    0    0  24   0    0    0
 3: 2011  20  48   0    0    0  42   0    0    0
 4: 2011  30  34   0    0    0  26   0    0    0
 5: 2011  40  18   0    0    0  23   0    0    0
 6: 2011  50  23   0    0    0  16   0    0    0
 7: 2011  99  17   0    0    0  30   0    0    0
 8: 2012   5  40   0    0    0  35   0    0    0
 9: 2012  10  23   0    0    0  23   0    0    0
10: 2012  20  48   0    0    0  47   0    0    0
11: 2012  30  37   0    0    0  22   0    0    0
12: 2012  40  18   0    0    0  26   0    0    0
13: 2012  50  21   0    0    0  15   0    0    0
14: 2012  99  19   0    0    0  31   0    0    0
15: 2013   5  34   0    0    0  35   0    0    0
16: 2013  10  26   0    0    0  20   0    0    0
17: 2013  20  42   0    0    0  46   0    0    0
18: 2013  30  39   0    0    0  24   0    0    0
19: 2013  40  20   0    0    0  26   0    0    0
20: 2013  50  20   0    0    0  13   0    0    0
21: 2013  99  18   0    0    0  26   0    0    0
22: 2014   5  30   0    0    0  37   0    0    0
23: 2014  10  31   0    0    0  19   0    0    0
24: 2014  20  47   0    0    0  47   0    0    0
25: 2014  30  35   0    0    0  23   0    0    0
26: 2014  40  22   0    0    0  24   0    0    0
27: 2014  50  20   0    0    0  16   0    0    0
28: 2014  99  19   0    0    0  25   0    0    0
    year age M-0 M-2 M-16 M16+ F-0 F-2 F-16 F16+
$mbr
[1] 145.0307

$exposure.p1
[1] 0.428097

[1] 643535
    year age M-0 M-2 M-16 M16+ F-0 F-2 F-16 F16+
 1: 2011   5  28   0    0    0  35   0    0    0
 2: 2011  10  29   0    0    0  23   0    0    0
 3: 2011  20  41   0    0    0  37   0    0    0
 4: 2011  30  30   0    0    0  37   0    0    0
 5: 2011  40  37   0    0    0  28   0    0    0
 6: 2011  50   8   0    0    0   5   0    0    0
 7: 2011  99  28   0    0    0  21   0    0    0
 8: 2012   5  33   0    0    0  31   0    0    0
 9: 2012  10  29   0    0    0  31   0    0    0
10: 2012  20  45   0    0    0  38   0    0    0
11: 2012  30  29   0    0    0  38   0    0    0
12: 2012  40  36   0    0    0  24   0    0    0
13: 2012  50  11   0    0    0   8   0    0    0
14: 2012  99  28   0    0    0  22   0    0    0
15: 2013   5  29   0    0    0  30   0    0    0
16: 2013  10  28   0    0    0  32   0    0    0
17: 2013  20  43   0    0    0  35   0    0    0
18: 2013  30  24   0    0    0  36   0    0    0
19: 2013  40  32   0    0    0  26   0    0    0
20: 2013  50  13   0    0    0   9   0    0    0
21: 2013  99  26   0    0    0  22   0    0    0
22: 2014   5  32   0    0    0  35   0    0    0
23: 2014  10  28   0    0    0  33   0    0    0
24: 2014  20  44   0    0    0  35   0    0    0
25: 2014  30  23   0    0    0  36   0    0    0
26: 2014  40  35   0    0    0  25   0    0    0
27: 2014  50  14   0    0    0  13   0    0    0
28: 2014  99  25   0    0    0  22   0    0    0
    year age M-0 M-2 M-16 M16+ F-0 F-2 F-16 F16+
$mbr
[1] 291.9675

$exposure.p1
[1] 0.4136935

[1] 805010
    year age M-0 M-2 M-16 M16+ F-0 F-2 F-16 F16+
 1: 2011   5  29   0    0    0  30   0    0    0
 2: 2011  10  26   0    0    0  29   0    0    0
 3: 2011  20  45   0    0    0  32   0    0    0
 4: 2011  30  38   0    0    0  35   0    0    0
 5: 2011  40  22   0    0    0  21   0    0    0
 6: 2011  50  11   0    0    0  14   0    0    0
 7: 2011  99  32   0    0    0  29   0    0    0
 8: 2012   5  33   0    0    0  26   0    0    0
 9: 2012  10  22   0    0    0  28   0    0    0
10: 2012  20  46   0    0    0  39   0    0    0
11: 2012  30  40   0    0    0  29   0    0    0
12: 2012  40  24   0    0    0  25   0    0    0
13: 2012  50  11   0    0    0  16   0    0    0
14: 2012  99  31   0    0    0  29   0    0    0
15: 2013   5  38   0    0    0  33   0    0    0
16: 2013  10  23   0    0    0  26   0    0    0
17: 2013  20  49   0    0    0  40   0    0    0
18: 2013  30  40   0    0    0  29   0    0    0
19: 2013  40  23   0    0    0  27   0    0    0
20: 2013  50  10   0    0    0  17   0    0    0
21: 2013  99  33   0    0    0  30   0    0    0
22: 2014   5  37   0    0    0  29   0    0    0
23: 2014  10  21   0    0    0  19   0    0    0
24: 2014  20  50   0    0    0  41   0    0    0
25: 2014  30  39   0    0    0  31   0    0    0
26: 2014  40  22   0    0    0  26   0    0    0
27: 2014  50  12   0    0    0  15   0    0    0
28: 2014  99  30   0    0    0  27   0    0    0
    year age M-0 M-2 M-16 M16+ F-0 F-2 F-16 F16+
$mbr
[1] 270.9933

$exposure.p1
[1] 0.4359767

[1] 468867
    year age M-0 M-2 M-16 M16+ F-0 F-2 F-16 F16+
 1: 2011   5  43   0    0    0  43   0    0    0
 2: 2011  10  23   0    0    0  32   0    0    0
 3: 2011  20  52   0    0    0  52   0    0    0
 4: 2011  30  29   0    0    0  29   0    0    0
 5: 2011  40  21   0    0    0  33   0    0    0
 6: 2011  50  14   0    0    0  14   0    0    0
 7: 2011  99  14   0    0    0  19   0    0    0
 8: 2012   5  37   0    0    0  41   0    0    0
 9: 2012  10  27   0    0    0  28   0    0    0
10: 2012  20  46   0    0    0  57   0    0    0
11: 2012  30  29   0    0    0  23   0    0    0
12: 2012  40  19   0    0    0  35   0    0    0
13: 2012  50  17   0    0    0  17   0    0    0
14: 2012  99  15   0    0    0  20   0    0    0
15: 2013   5  41   0    0    0  43   0    0    0
16: 2013  10  27   0    0    0  23   0    0    0
17: 2013  20  46   0    0    0  59   0    0    0
18: 2013  30  27   0    0    0  19   0    0    0
19: 2013  40  17   0    0    0  34   0    0    0
20: 2013  50  22   0    0    0  19   0    0    0
21: 2013  99  15   0    0    0  19   0    0    0
22: 2014   5  38   0    0    0  37   0    0    0
23: 2014  10  28   0    0    0  30   0    0    0
24: 2014  20  42   0    0    0  56   0    0    0
25: 2014  30  29   0    0    0  21   0    0    0
26: 2014  40  17   0    0    0  31   0    0    0
27: 2014  50  20   0    0    0  16   0    0    0
28: 2014  99  16   0    0    0  22   0    0    0
    year age M-0 M-2 M-16 M16+ F-0 F-2 F-16 F16+
$mbr
[1] 172.6066

$exposure.p1
[1] 0.4500605

[1] 402400
    year age M-0 M-2 M-16 M16+ F-0 F-2 F-16 F16+
 1: 2011   5  36   0    0    0  34   0    0    0
 2: 2011  10  28   0    0    0  24   0    0    0
 3: 2011  20  43   0    0    0  46   0    0    0
 4: 2011  30  23   0    0    0  36   0    0    0
 5: 2011  40  25   0    0    0  25   0    0    0
 6: 2011  50  21   0    0    0   9   0    0    0
 7: 2011  99  30   0    0    0  26   0    0    0
 8: 2012   5  35   0    0    0  36   0    0    0
 9: 2012  10  24   0    0    0  25   0    0    0
10: 2012  20  42   0    0    0  45   0    0    0
11: 2012  30  21   0    0    0  34   0    0    0
12: 2012  40  22   0    0    0  25   0    0    0
13: 2012  50  21   0    0    0   9   0    0    0
14: 2012  99  31   0    0    0  26   0    0    0
15: 2013   5  38   0    0    0  39   0    0    0
16: 2013  10  26   0    0    0  24   0    0    0
17: 2013  20  47   0    0    0  43   0    0    0
18: 2013  30  21   0    0    0  36   0    0    0
19: 2013  40  21   0    0    0  25   0    0    0
20: 2013  50  20   0    0    0  13   0    0    0
21: 2013  99  32   0    0    0  23   0    0    0
22: 2014   5  38   0    0    0  43   0    0    0
23: 2014  10  26   0    0    0  22   0    0    0
24: 2014  20  41   0    0    0  41   0    0    0
25: 2014  30  22   0    0    0  37   0    0    0
26: 2014  40  23   0    0    0  24   0    0    0
27: 2014  50  18   0    0    0  13   0    0    0
28: 2014  99  32   0    0    0  21   0    0    0
    year age M-0 M-2 M-16 M16+ F-0 F-2 F-16 F16+
$mbr
[1] 133.4043

$exposure.p1
[1] 0.5092909

[1] 942248
    year age M-0 M-2 M-16 M16+ F-0 F-2 F-16 F16+
 1: 2011   5  28   0    0    0  34   0    0    0
 2: 2011  10  21   0    0    0  24   0    0    0
 3: 2011  20  43   0    0    0  42   0    0    0
 4: 2011  30  37   0    0    0  35   0    0    0
 5: 2011  40  27   0    0    0  21   0    0    0
 6: 2011  50  17   0    0    0  18   0    0    0
 7: 2011  99  24   0    0    0  21   0    0    0
 8: 2012   5  29   0    0    0  34   0    0    0
 9: 2012  10  22   0    0    0  28   0    0    0
10: 2012  20  42   0    0    0  41   0    0    0
11: 2012  30  40   0    0    0  34   0    0    0
12: 2012  40  25   0    0    0  26   0    0    0
13: 2012  50  16   0    0    0  16   0    0    0
14: 2012  99  27   0    0    0  22   0    0    0
15: 2013   5  28   0    0    0  24   0    0    0
16: 2013  10  18   0    0    0  29   0    0    0
17: 2013  20  41   0    0    0  43   0    0    0
18: 2013  30  38   0    0    0  30   0    0    0
19: 2013  40  24   0    0    0  26   0    0    0
20: 2013  50  17   0    0    0  16   0    0    0
21: 2013  99  28   0    0    0  22   0    0    0
22: 2014   5  28   0    0    0  21   0    0    0
23: 2014  10  23   0    0    0  31   0    0    0
24: 2014  20  38   0    0    0  40   0    0    0
25: 2014  30  42   0    0    0  35   0    0    0
26: 2014  40  24   0    0    0  23   0    0    0
27: 2014  50  17   0    0    0  17   0    0    0
28: 2014  99  29   0    0    0  24   0    0    0
    year age M-0 M-2 M-16 M16+ F-0 F-2 F-16 F16+
$mbr
[1] 445.8799

$exposure.p1
[1] 0.3646112

[1] 42658
    year age M-0 M-2 M-16 M16+ F-0 F-2 F-16 F16+
 1: 2011   5  37   0    0    0  29   0    0    0
 2: 2011  10  31   0    0    0  25   0    0    0
 3: 2011  20  55   0    0    0  40   0    0    0
 4: 2011  30  28   0    0    0  36   0    0    0
 5: 2011  40  26   0    0    0  19   0    0    0
 6: 2011  50  14   0    0    0  20   0    0    0
 7: 2011  99  26   0    0    0  21   0    0    0
 8: 2012   5  36   0    0    0  25   0    0    0
 9: 2012  10  27   0    0    0  31   0    0    0
10: 2012  20  49   0    0    0  34   0    0    0
11: 2012  30  26   0    0    0  33   0    0    0
12: 2012  40  28   0    0    0  21   0    0    0
13: 2012  50  14   0    0    0  18   0    0    0
14: 2012  99  25   0    0    0  23   0    0    0
15: 2013   5  35   0    0    0  35   0    0    0
16: 2013  10  30   0    0    0  29   0    0    0
17: 2013  20  52   0    0    0  37   0    0    0
18: 2013  30  29   0    0    0  36   0    0    0
19: 2013  40  25   0    0    0  19   0    0    0
20: 2013  50  16   0    0    0  17   0    0    0
21: 2013  99  26   0    0    0  23   0    0    0
22: 2014   5  34   0    0    0  34   0    0    0
23: 2014  10  31   0    0    0  26   0    0    0
24: 2014  20  47   0    0    0  32   0    0    0
25: 2014  30  29   0    0    0  34   0    0    0
26: 2014  40  24   0    0    0  17   0    0    0
27: 2014  50  17   0    0    0  17   0    0    0
28: 2014  99  25   0    0    0  22   0    0    0
    year age M-0 M-2 M-16 M16+ F-0 F-2 F-16 F16+
$mbr
[1] 322.9708

$exposure.p1
[1] 0.5630365

[1] 211026
    year age M-0 M-2 M-16 M16+ F-0 F-2 F-16 F16+
 1: 2011   5  40   0    0    0  28   0    0    0
 2: 2011  10  24   0    0    0  27   0    0    0
 3: 2011  20  39   0    0    0  41   0    0    0
 4: 2011  30  39   0    0    0  35   0    0    0
 5: 2011  40  31   0    0    0  23   0    0    0
 6: 2011  50  10   0    0    0  12   0    0    0
 7: 2011  99  27   0    0    0  30   0    0    0
 8: 2012   5  36   0    0    0  31   0    0    0
 9: 2012  10  30   0    0    0  22   0    0    0
10: 2012  20  41   0    0    0  43   0    0    0
11: 2012  30  36   0    0    0  37   0    0    0
12: 2012  40  24   0    0    0  21   0    0    0
13: 2012  50  13   0    0    0  12   0    0    0
14: 2012  99  25   0    0    0  29   0    0    0
15: 2013   5  28   0    0    0  30   0    0    0
16: 2013  10  29   0    0    0  18   0    0    0
17: 2013  20  42   0    0    0  46   0    0    0
18: 2013  30  36   0    0    0  38   0    0    0
19: 2013  40  26   0    0    0  22   0    0    0
20: 2013  50  15   0    0    0  13   0    0    0
21: 2013  99  25   0    0    0  28   0    0    0
22: 2014   5  24   0    0    0  32   0    0    0
23: 2014  10  35   0    0    0  17   0    0    0
24: 2014  20  44   0    0    0  42   0    0    0
25: 2014  30  35   0    0    0  45   0    0    0
26: 2014  40  29   0    0    0  22   0    0    0
27: 2014  50  15   0    0    0  14   0    0    0
28: 2014  99  24   0    0    0  29   0    0    0
    year age M-0 M-2 M-16 M16+ F-0 F-2 F-16 F16+
$mbr
[1] 310.2417

$exposure.p1
[1] 0.3490594

[1] 802439
    year age M-0 M-2 M-16 M16+ F-0 F-2 F-16 F16+
 1: 2011   5  27   0    0    0  42   0    0    0
 2: 2011  10  30   0    0    0  17   0    0    0
 3: 2011  20  46   0    0    0  35   0    0    0
 4: 2011  30  41   0    0    0  34   0    0    0
 5: 2011  40  28   0    0    0  26   0    0    0
 6: 2011  50  14   0    0    0  16   0    0    0
 7: 2011  99  20   0    0    0  29   0    0    0
 8: 2012   5  27   0    0    0  36   0    0    0
 9: 2012  10  21   0    0    0  20   0    0    0
10: 2012  20  45   0    0    0  33   0    0    0
11: 2012  30  37   0    0    0  36   0    0    0
12: 2012  40  29   0    0    0  23   0    0    0
13: 2012  50  15   0    0    0  19   0    0    0
14: 2012  99  18   0    0    0  25   0    0    0
15: 2013   5  26   0    0    0  37   0    0    0
16: 2013  10  22   0    0    0  22   0    0    0
17: 2013  20  44   0    0    0  33   0    0    0
18: 2013  30  38   0    0    0  33   0    0    0
19: 2013  40  30   0    0    0  24   0    0    0
20: 2013  50  17   0    0    0  19   0    0    0
21: 2013  99  15   0    0    0  26   0    0    0
22: 2014   5  24   0    0    0  40   0    0    0
23: 2014  10  27   0    0    0  26   0    0    0
24: 2014  20  42   0    0    0  33   0    0    0
25: 2014  30  38   0    0    0  28   0    0    0
26: 2014  40  30   0    0    0  29   0    0    0
27: 2014  50  17   0    0    0  19   0    0    0
28: 2014  99  16   0    0    0  26   0    0    0
    year age M-0 M-2 M-16 M16+ F-0 F-2 F-16 F16+
$mbr
[1] 254.315

$exposure.p1
[1] 0.402108

[1] 61712
    year age M-0 M-2 M-16 M16+ F-0 F-2 F-16 F16+
 1: 2011   5  35   0    0    0  41   0    0    0
 2: 2011  10  22   0    0    0  18   0    0    0
 3: 2011  20  24   0    0    0  54   0    0    0
 4: 2011  30  48   0    0    0  36   0    0    0
 5: 2011  40  21   0    0    0  21   0    0    0
 6: 2011  50  16   0    0    0  16   0    0    0
 7: 2011  99  26   0    0    0  29   0    0    0
 8: 2012   5  35   0    0    0  43   0    0    0
 9: 2012  10  20   0    0    0  16   0    0    0
10: 2012  20  25   0    0    0  47   0    0    0
11: 2012  30  41   0    0    0  38   0    0    0
12: 2012  40  26   0    0    0  19   0    0    0
13: 2012  50  16   0    0    0  11   0    0    0
14: 2012  99  24   0    0    0  28   0    0    0
15: 2013   5  45   0    0    0  43   0    0    0
16: 2013  10  21   0    0    0  22   0    0    0
17: 2013  20  25   0    0    0  45   0    0    0
18: 2013  30  40   0    0    0  38   0    0    0
19: 2013  40  27   0    0    0  21   0    0    0
20: 2013  50  17   0    0    0  10   0    0    0
21: 2013  99  23   0    0    0  27   0    0    0
22: 2014   5  45   0    0    0  43   0    0    0
23: 2014  10  23   0    0    0  26   0    0    0
24: 2014  20  26   0    0    0  44   0    0    0
25: 2014  30  40   0    0    0  39   0    0    0
26: 2014  40  25   0    0    0  20   0    0    0
27: 2014  50  19   0    0    0   9   0    0    0
28: 2014  99  21   0    0    0  25   0    0    0
    year age M-0 M-2 M-16 M16+ F-0 F-2 F-16 F16+
$mbr
[1] 128.7026

$exposure.p1
[1] 0.4472534

[1] 685583
    year age M-0 M-2 M-16 M16+ F-0 F-2 F-16 F16+
 1: 2011   5  33   0    0    0  37   0    0    0
 2: 2011  10  24   0    0    0  33   0    0    0
 3: 2011  20  41   0    0    0  40   0    0    0
 4: 2011  30  33   0    0    0  40   0    0    0
 5: 2011  40  30   0    0    0  24   0    0    0
 6: 2011  50  14   0    0    0  13   0    0    0
 7: 2011  99  24   0    0    0  23   0    0    0
 8: 2012   5  29   0    0    0  22   0    0    0
 9: 2012  10  23   0    0    0  36   0    0    0
10: 2012  20  42   0    0    0  40   0    0    0
11: 2012  30  31   0    0    0  39   0    0    0
12: 2012  40  30   0    0    0  22   0    0    0
13: 2012  50  14   0    0    0  15   0    0    0
14: 2012  99  24   0    0    0  21   0    0    0
15: 2013   5  28   0    0    0  29   0    0    0
16: 2013  10  25   0    0    0  34   0    0    0
17: 2013  20  43   0    0    0  41   0    0    0
18: 2013  30  32   0    0    0  36   0    0    0
19: 2013  40  32   0    0    0  28   0    0    0
20: 2013  50  15   0    0    0  16   0    0    0
21: 2013  99  23   0    0    0  18   0    0    0
22: 2014   5  31   0    0    0  36   0    0    0
23: 2014  10  28   0    0    0  29   0    0    0
24: 2014  20  44   0    0    0  44   0    0    0
25: 2014  30  31   0    0    0  38   0    0    0
26: 2014  40  34   0    0    0  30   0    0    0
27: 2014  50  15   0    0    0  15   0    0    0
28: 2014  99  24   0    0    0  17   0    0    0
    year age M-0 M-2 M-16 M16+ F-0 F-2 F-16 F16+
$mbr
[1] 115.5299

$exposure.p1
[1] 0.4875443

[1] 857195
    year age M-0 M-2 M-16 M16+ F-0 F-2 F-16 F16+
 1: 2011   5  41   0    0    0  28   0    0    0
 2: 2011  10  28   0    0    0  22   0    0    0
 3: 2011  20  43   0    0    0  33   0    0    0
 4: 2011  30  30   0    0    0  34   0    0    0
 5: 2011  40  28   0    0    0  32   0    0    0
 6: 2011  50  21   0    0    0  13   0    0    0
 7: 2011  99  21   0    0    0  22   0    0    0
 8: 2012   5  44   0    0    0  24   0    0    0
 9: 2012  10  29   0    0    0  21   0    0    0
10: 2012  20  44   0    0    0  36   0    0    0
11: 2012  30  29   0    0    0  33   0    0    0
12: 2012  40  26   0    0    0  35   0    0    0
13: 2012  50  25   0    0    0  11   0    0    0
14: 2012  99  21   0    0    0  25   0    0    0
15: 2013   5  32   0    0    0  21   0    0    0
16: 2013  10  34   0    0    0  21   0    0    0
17: 2013  20  43   0    0    0  33   0    0    0
18: 2013  30  32   0    0    0  33   0    0    0
19: 2013  40  22   0    0    0  35   0    0    0
20: 2013  50  26   0    0    0  11   0    0    0
21: 2013  99  18   0    0    0  24   0    0    0
22: 2014   5  34   0    0    0  26   0    0    0
23: 2014  10  35   0    0    0  24   0    0    0
24: 2014  20  39   0    0    0  33   0    0    0
25: 2014  30  34   0    0    0  35   0    0    0
26: 2014  40  25   0    0    0  31   0    0    0
27: 2014  50  24   0    0    0  15   0    0    0
28: 2014  99  18   0    0    0  24   0    0    0
    year age M-0 M-2 M-16 M16+ F-0 F-2 F-16 F16+
$mbr
[1] 63.40237

$exposure.p1
[1] 0.4080928

[1] 117596
